1 10 20
100 200 125
201 210 89
900 1000 174
999999 999998 259
999998 999999 259
999999 999999 259
1 1 1
1 2 2
2 1 2
1 999999 525
999999 1 525
1 50000 324
50000 1 324
1 500000 449
500000 1 449
1 99999 351
99999 1 351
100000 1 351
1 100000 351
100001 1 351
1 100001 351
100500 1 351
1 100500 351
1 101000 351
101000 1 351
1 110000 354
110000 1 354
1 110001 354
110001 1 354
1 111000 354
111000 1 354
1 111999 354
111999 1 354
1 112000 354
112000 1 354
1 112999 354
112999 1 354
1 113050 354
113050 1 354
113382 1 354
1 113382 354
512948 950903 525
950903 512948 525
591425 488673 470
488673 591425 470
96135 290941 443
290941 96135 443
434111 818985 509
818985 434111 509
675686 889418 525
889418 675686 525
103217 595298 470
595298 103217 470
67 806417 509
806417 67 509
977172 89063 525
89063 977172 525
822471 356279 509
356279 822471 509
101938 23469 351
123469 1938 354
888 548 179
548 888 179
827154 929861 525
929861 827154 525
984865 340341 525
340341 984865 525
126914 123 354
123 126914 354
235087 6703 443
6703 235087 443
23 527975 470
527975 23 470
13679 266 276
266 13679 276
1 100 119
1 1000 179
1 10000 262
1 100000 351
100 1 119
1000 1 179
10000 1 262
100000 1 351
99 100 26
100 99 26
999 1000 112
1000 999 112
9999 10000 92
10000 9999 92
99999 100000 227
100000 99999 227
101 100 26
1001 1000 143
10001 10000 180
100001 100000 129
100 101 26
1000 1001 143
10000 10001 180
100000 100001 129
1 555555 470
555555 1 470
10 1 20
200 100 125
210 201 89
1000 900 174

